[[ 0.19525402  0.86075747  0.4110535   0.17953273 -0.3053808 ]
 [ 0.58357645 -0.24965115  1.567092    1.85465104 -0.46623392]
 [ 1.16690015  0.11557968  0.27217824  1.70238655 -1.71585577]
 [-1.6514828  -1.91912641  1.33047938  1.112627    1.48004859]
 [ 1.91447337  1.19663426 -0.15408255  1.12211671 -1.5269023 ]]
[[ 0.55968409 -1.42658685]
 [ 1.77867567  0.08739329]
 [-0.34135224 -0.94177755]
 [ 1.09693476 -0.17539867]
 [ 0.2737358  -1.9248408 ]]
     cx  cy  angle  tx  ty  hit  miss
0    50  98    107   6  34    0     1
1    66  63    103  39  62    0     1
2    46  75     55  65  18    0     1
3    37  18     24  80  33    1     0
4    69  91    154  19  40    0     1
5    13  94     18  88  43    0     1
6    61  72     25  46  56    0     1
7    41  79    163  27  71    0     1
8    62  57    133  34   8    0     1
9    71   2     23  93  52    0     1
10   91  86    160   1  79    0     1
11   64  43     62  94  42    0     1
12   91   9     48  73  29    0     1
13   31  19    139  58  12    0     1
14   11  41    130  63  14    0     1
15   39  71     74  91  16    0     1
16   71  43    138  27  78    1     0
17   71  76     73  57  12    0     1
18   77  50     81  74  31    1     0
19   38  24     48  24   5    1     0
20   79  85     66  61   9    0     1
21   12  87     33  20   5    0     1
22   11  90    138  88  51    0     1
23   91  68     70  67  31    0     1
24   28  87    150  54  75    1     0
25   36  58    126  85  83    0     1
26   90  46     21  42  79    0     1
27   15  63    150  81  43    0     1
28   25  32      4  94  35    1     0
29   15  91     56  48  22    0     1
..   ..  ..    ...  ..  ..  ...   ...
970  87   7     58  94  23    1     0
971  47  50    166  68  80    0     1
972  87  48    107  27  51    0     1
973  93   6    152  95  29    0     1
974  73   1    114  95   2    0     1
975  54  20     51   9  75    0     1
976  82  17     81  97  36    0     1
977  38  58     87  68  53    0     1
978  63  43     68  67  39    0     1
979  57  69     85  52  86    0     1
980  43  52     71  90   2    0     1
981  28  92    119  97  39    0     1
982  52  55    174  17  23    0     1
983  62  25     43  80  25    0     1
984  10  35    128  65  21    0     1
985  76  24    169  63  16    0     1
986  62  32    111  24  15    0     1
987   7  67      9  90  95    0     1
988  12  96     24  76  18    0     1
989  19  73     53  83  46    0     1
990  47  13     24  49  63    0     1
991  17  43    146  67  27    0     1
992  78  29    152  73  57    0     1
993  78  37     24  18  54    0     1
994  13  96     48  92  17    0     1
995  23  89     68  36  87    0     1
996  42  22    114  91  44    0     1
997  70  13     23  51   2    1     0
998   8  25     87  56  32    0     1
999  43  55    150  16  43    0     1

[1000 rows x 7 columns]
------------------------
estimated output as per training cycle 1 is:
[[ 0.09652487  0.90286344]
 [ 0.09652489  0.90286342]
 [ 0.09652489  0.90286342]
 ..., 
 [ 0.09652557  0.90286278]
 [ 0.09652506  0.90286326]
 [ 0.09652465  0.90286365]]



estimated output as per training cycle 100001 is:
[[ 0.02991919  0.97008081]
 [ 0.10550026  0.89449974]
 [ 0.10550026  0.89449974]
 ..., 
 [ 0.4992746   0.5007254 ]
 [ 0.10550026  0.89449974]
 [ 0.10550026  0.89449974]]



estimated output as per training cycle 200001 is:
[[ 0.02980846  0.97019154]
 [ 0.10571901  0.89428099]
 [ 0.10571901  0.89428099]
 ..., 
 [ 0.499648    0.500352  ]
 [ 0.10571901  0.89428099]
 [ 0.10571901  0.89428099]]



estimated output as per training cycle 300001 is:
[[ 0.02979193  0.97020807]
 [ 0.10575478  0.89424522]
 [ 0.10575478  0.89424522]
 ..., 
 [ 0.49976613  0.50023387]
 [ 0.10575478  0.89424522]
 [ 0.10575478  0.89424522]]



estimated output as per training cycle 400001 is:
[[ 0.02978569  0.97021431]
 [ 0.1057724   0.8942276 ]
 [ 0.1057724   0.8942276 ]
 ..., 
 [ 0.49982478  0.50017522]
 [ 0.1057724   0.8942276 ]
 [ 0.1057724   0.8942276 ]]



